10000
10000 22644
10000 15437
10000 15628
10000 15193
10000 15165
20000
20000 15846
20000 14739
20000 15590
20000 15441
20000 15110
30000
30000 17844
30000 18459
30000 25124
30000 17470
30000 17805
40000
40000 25408
40000 18500
40000 18069
40000 25574
40000 18051
50000
50000 19287
50000 24686
50000 17429
50000 17916
50000 27367
60000
60000 20382
60000 20664
60000 21819
60000 20821
60000 22749
70000
70000 22374
70000 23734
70000 23769
70000 21639
70000 24476
80000
80000 30521
80000 29240
80000 26524
80000 32033
80000 29968
90000
90000 40159
90000 33894
90000 31221
90000 41232
90000 39191
100000
100000 32044
100000 45124
100000 44256
100000 45696
100000 45854
