10000
10000 15895
10000 15557
10000 23284
10000 16128
10000 14823
20000
20000 23557
20000 16028
20000 16067
20000 22910
20000 16652
30000
30000 18148
30000 18103
30000 18369
30000 18209
30000 26021
40000
40000 19575
40000 19429
40000 19122
40000 19153
40000 19184
50000
50000 20275
50000 28164
50000 20387
50000 19412
50000 18480
60000
60000 21948
60000 21800
60000 23096
60000 22690
60000 23389
70000
70000 31327
70000 25386
70000 26996
70000 32071
70000 24098
80000
80000 36914
80000 31835
80000 35027
80000 27255
80000 31477
90000
90000 43782
90000 33435
90000 42721
90000 36635
90000 42148
100000
100000 35108
100000 39609
100000 34101
100000 43640
100000 51962
